Per processor stats:

Linux 4.14.43 (TESTgw01)  12/20/22        _x86_64_        (4 CPU)

18:02:40     CPU    %usr   %nice    %sys %iowait    %irq   %soft  %steal  %guest  %gnice   %idle
18:02:41     all    4.86    0.00   10.54    0.00    0.00    0.00    0.00    0.00    0.00   84.59
18:02:41       0    8.25    0.00   19.59    0.00    0.00    0.00    0.00    0.00    0.00   72.16
18:02:41       1    3.49    0.00    3.49    0.00    0.00    0.00    0.00    0.00    0.00   93.02
18:02:41       2    4.26    0.00    8.51    0.00    0.00    0.00    0.00    0.00    0.00   87.23
18:02:41       3    3.23    0.00    9.68    0.00    0.00    0.00    0.00    0.00    0.00   87.10

Average:     CPU    %usr   %nice    %sys %iowait    %irq   %soft  %steal  %guest  %gnice   %idle
Average:     all    4.86    0.00   10.54    0.00    0.00    0.00    0.00    0.00    0.00   84.59
Average:       0    8.25    0.00   19.59    0.00    0.00    0.00    0.00    0.00    0.00   72.16
Average:       1    3.49    0.00    3.49    0.00    0.00    0.00    0.00    0.00    0.00   93.02
Average:       2    4.26    0.00    8.51    0.00    0.00    0.00    0.00    0.00    0.00   87.23
Average:       3    3.23    0.00    9.68    0.00    0.00    0.00    0.00    0.00    0.00   87.10